-225150505519922016.000000
-225149726965139680.000000
-225149434260004480.000000
-225149274471124832.000000
-225149171797893120.000000
-225149099400997920.000000
-225149045178576736.000000
-225149002809261632.000000
-225148968643788032.000000
-225148940416423232.000000
-225148916640175104.000000
-225148896295477472.000000
-225148878658041696.000000
-225148863198044288.000000
-225148849518248224.000000
-225148837314500096.000000
-225148826349656128.000000
-225148816435871776.000000
-225148807422268256.000000
-225148799186153728.000000
-225148791626652288.000000
-225148784660000064.000000
-225148778216017824.000000
-225148772235428896.000000
-225148766667793408.000000
-225148761469899296.000000
-225148756604495104.000000
-225148752039283072.000000
-225148747746111136.000000
-225148743700319488.000000
-225148739880208032.000000
-225148736266599392.000000
-225148732842477728.000000
-225148729592688160.000000
-225148726503686016.000000
-225148723563325376.000000
-225148720760680672.000000
-225148718085894976.000000
-225148715530050912.000000
-225148713085059456.000000
-225148710743564928.000000
-225148708498862400.000000
-225148706344826368.000000
-225148704275848608.000000
-225148702286784000.000000
-225148700372902880.000000
-225148698529849632.000000
-225148696753605600.000000
-225148695040456992.000000
-225148693386965824.000000
-225148691789944576.000000
-225148690246433536.000000
-225148688753680416.000000
-225148687309122176.000000
-225148685910369024.000000
-225148684555189600.000000
-225148683241498080.000000
-225148681967342112.000000
-225148680730892352.000000
-225148679530432704.000000
-225148678364351520.000000
-225148677231133760.000000
-225148676129353696.000000
-225148675057668320.000000
-225148674014811392.000000
-225148672999587904.000000
-225148672010869152.000000
-225148671047587968.000000
-225148670108734688.000000
-225148669193353152.000000
-225148668300537216.000000
-225148667429427456.000000
-225148666579208160.000000
-225148665749104512.000000
-225148664938379968.000000
-225148664146334048.000000
-225148663372299904.000000
-225148662615642464.000000
-225148661875756384.000000
-225148661152064448.000000
-225148660444015744.000000
-225148659751084320.000000
-225148659072767616.000000
-225148658408585280.000000
-225148657758077760.000000
-225148657120805376.000000
-225148656496346944.000000
-225148655884299104.000000
-225148655284275168.000000
-225148654695904256.000000
-225148654118830464.000000
-225148653552712160.000000
-225148652997221248.000000
-225148652452042368.000000
-225148651916872320.000000
-225148651391419488.000000
-225148650875403264.000000
-225148650368553440.000000
-225148649870609696.000000
-225148649381321280.000000
-225148648900446336.000000
-225148648427751584.000000
-225148647963011904.000000
-225148647506010016.000000
-225148647056536000.000000
-225148646614386944.000000
-225148646179366656.000000
-225148645751285504.000000
-225148645329959808.000000
-225148644915211744.000000
-225148644506869152.000000
-225148644104765088.000000
-225148643708737632.000000
-225148643318629760.000000
-225148642934288960.000000
-225148642555567136.000000
-225148642182320352.000000
-225148641814408544.000000
-225148641451695456.000000
-225148641094048512.000000
-225148640741338304.000000
-225148640393438816.000000
-225148640050226944.000000
-225148639711582496.000000
-225148639377387968.000000
-225148639047528384.000000
-225148638721891104.000000
-225148638400365632.000000
-225148638082843712.000000
-225148637769218720.000000
-225148637459385984.000000
-225148637153242112.000000
-225148636850685312.000000
-225148636551614944.000000
-225148636255931328.000000
-225148635963535776.000000
-225148635674330080.000000
-225148635388216640.000000
-225148635105098144.000000
-225148634824877120.000000
-225148634547456128.000000
-225148634272737152.000000
-225148634000621504.000000
-225148633731009472.000000
-225148633463800032.000000
-225148633198890528.000000
-225148632936176192.000000
-225148632675549856.000000
-225148632416901440.000000
-225148632160117280.000000
-225148631905079904.000000
-225148631651667040.000000
-225148631399751040.000000
-225148631149198112.000000
-225148630899867072.000000
-225148630651608832.000000
-225148630404264512.000000
-225148630157664512.000000
-225148629911626624.000000
-225148629665954208.000000
-225148629420433856.000000
-225148629174832928.000000
-225148628928896320.000000
-225148628682342848.000000
-225148628434860960.000000
-225148628186103296.000000
-225148627935680608.000000
-225148627683154016.000000
-225148627428025696.000000
-225148627169727360.000000
-225148626907606176.000000
-225148626640906816.000000
-225148626368749408.000000
-225148626090100832.000000
-225148625803738592.000000
-225148625508203360.000000
-225148625201736864.000000
-225148624882199264.000000
-225148624546957728.000000
-225148624192733536.000000
-225148623815388896.000000
-225148623409623776.000000
-225148622968535456.000000
-225148622482962208.000000
-225148621940478880.000000
-225148621323809376.000000
-225148620608224896.000000
-225148619757097792.000000
-225148618713926944.000000
-225148617387226304.000000
-225148615620145312.000000
-225148613126315616.000000
-225148609359371968.000000
-225148603432543488.000000
-225148596907968992.000000
-225148600939714016.000000
-225148607395663264.000000
-225148614002973824.000000
-225148618248836960.000000
-225148620854465792.000000
-225148622537634720.000000
-225148623681766432.000000
-225148624490510304.000000
-225148625078520288.000000
-225148625514369120.000000
-225148625841290624.000000
-225148626087782592.000000
-225148626273344032.000000
-225148626411744576.000000
-225148626512973088.000000
-225148626584445184.000000
-225148626631777824.000000
-225148626659300832.000000
-225148626670403936.000000
-225148626667777504.000000
-225148626653583136.000000
-225148626629576768.000000
-225148626597199104.000000
-225148626557642624.000000
-225148626511902688.000000
-225148626460816160.000000
-225148626405091552.000000
-225148626345332384.000000
-225148626282055776.000000
-225148626215707232.000000
-225148626146672192.000000
-225148626075285984.000000
-225148626001841408.000000
-225148625926595072.000000
-225148625849772800.000000
-225148625771573952.000000
-225148625692175072.000000
-225148625611733024.000000
-225148625530387456.000000
-225148625448263072.000000
-225148625365471520.000000
-225148625282113024.000000
-225148625198277536.000000
-225148625114046176.000000
-225148625029492128.000000
-225148624944681472.000000
-225148624859674112.000000
-225148624774524224.000000
-225148624689281088.000000
-225148624603989472.000000
-225148624518689984.000000
-225148624433419744.000000
-225148624348212512.000000
-225148624263099040.000000
-225148624178107456.000000
-225148624093263424.000000
-225148624008590304.000000
-225148623924109568.000000
-225148623839840768.000000
-225148623755801760.000000
-225148623672008896.000000
-225148623588477152.000000
-225148623505220096.000000
-225148623422250208.000000
-225148623339578880.000000
-225148623257216448.000000
-225148623175172384.000000
-225148623093455264.000000
-225148623012072928.000000
-225148622931032416.000000
-225148622850340160.000000
-225148622770001984.000000
-225148622690023072.000000
-225148622610408224.000000
-225148622531161536.000000
-225148622452286784.000000
-225148622373787360.000000
-225148622295666176.000000
-225148622217925792.000000
-225148622140568448.000000
-225148622063596096.000000
-225148621987010304.000000
-225148621910812480.000000
-225148621835003744.000000
-225148621759584896.000000
-225148621684556672.000000
-225148621609919456.000000
-225148621535673472.000000
-225148621461818880.000000
-225148621388355552.000000
-225148621315283232.000000
-225148621242601536.000000
-225148621170309952.000000
-225148621098407840.000000
-225148621026894432.000000
-225148620955768832.000000
-225148620885030112.000000
-225148620814677184.000000
-225148620744708864.000000
-225148620675123968.000000
-225148620605921216.000000
-225148620537099104.000000
-225148620468656320.000000
-225148620400591328.000000
-225148620332902528.000000
-225148620265588320.000000
-225148620198647072.000000
-225148620132077024.000000
-225148620065876512.000000
-225148620000043680.000000
-225148619934576736.000000
-225148619869473856.000000
-225148619804733184.000000
-225148619740352736.000000
-225148619676330656.000000
-225148619612664928.000000
-225148619549353664.000000
-225148619486394784.000000
-225148619423786368.000000
-225148619361526368.000000
-225148619299612768.000000
-225148619238043520.000000
-225148619176816512.000000
-225148619115929792.000000
-225148619055381216.000000
-225148618995168800.000000
-225148618935290400.000000
-225148618875743936.000000
-225148618816527392.000000
-225148618757638592.000000
-225148618699075552.000000
-225148618640836160.000000
-225148618582918272.000000
-225148618525319904.000000
-225148618468038912.000000
-225148618411073280.000000
-225148618354420928.000000
-225148618298079744.000000
-225148618242047776.000000
-225148618186322880.000000
-225148618130903008.000000
-225148618075786176.000000
-225148618020970368.000000
-225148617966453504.000000
-225148617912233568.000000
-225148617858308544.000000
-225148617804676512.000000
-225148617751335424.000000
-225148617698283328.000000
-225148617645518176.000000
-225148617593038144.000000
-225148617540841120.000000
-225148617488925280.000000
-225148617437288672.000000
-225148617385929344.000000
-225148617334845408.000000
-225148617284034944.000000
-225148617233496096.000000
-225148617183227008.000000
-225148617133225696.000000
-225148617083490464.000000
-225148617034019328.000000
-225148616984810592.000000
-225148616935862304.000000
-225148616887172736.000000
-225148616838740064.000000
-225148616790562528.000000
-225148616742638336.000000
-225148616694965760.000000
-225148616647542976.000000
-225148616600368320.000000
-225148616553440064.000000
-225148616506756416.000000
-225148616460315776.000000
-225148616414116384.000000
-225148616368156608.000000
-225148616322434784.000000
-225148616276949184.000000
-225148616231698272.000000
-225148616186680352.000000
-225148616141893824.000000
-225148616097337056.000000
-225148616053008512.000000
-225148616008906592.000000
-225148615965029696.000000
-225148615921376256.000000
-225148615877944800.000000
-225148615834733696.000000
-225148615791741472.000000
-225148615748966624.000000
-225148615706407680.000000
-225148615664063040.000000
-225148615621931360.000000
-225148615580011104.000000
-225148615538300800.000000
-225148615496799008.000000
-225148615455504352.000000
-225148615414415392.000000
-225148615373530656.000000
-225148615332848832.000000
-225148615292368480.000000
-225148615252088192.000000
-225148615212006688.000000
-225148615172122560.000000
-225148615132434400.000000
-225148615092940992.000000
-225148615053640960.000000
-225148615014532992.000000
-225148614975615776.000000
-225148614936888032.000000
-225148614898348448.000000
-225148614859995776.000000
-225148614821828768.000000
-225148614783846112.000000
-225148614746046624.000000
-225148614708429088.000000
-225148614670992224.000000
-225148614633734816.000000
-225148614596655712.000000
-225148614559753664.000000
-225148614523027488.000000
-225148614486476096.000000
-225148614450098208.000000
-225148614413892736.000000
-225148614377858528.000000
-225148614341994432.000000
-225148614306299296.000000
-225148614270772032.000000
-225148614235411520.000000
-225148614200216640.000000
-225148614165186336.000000
-225148614130319488.000000
-225148614095615040.000000
-225148614061071872.000000
-225148614026689024.000000
-225148613992465376.000000
-225148613958399936.000000
-225148613924491584.000000
-225148613890739360.000000
-225148613857142208.000000
-225148613823699200.000000
-225148613790409184.000000
-225148613757271328.000000
-225148613724284576.000000
-225148613691447936.000000
-225148613658760416.000000
-225148613626221152.000000
-225148613593829056.000000
-225148613561583296.000000
-225148613529482880.000000
-225148613497526880.000000
-225148613465714368.000000
-225148613434044448.000000
-225148613402516160.000000
-225148613371128640.000000
-225148613339880992.000000
-225148613308772320.000000
-225148613277801760.000000
-225148613246968384.000000
-225148613216271392.000000
-225148613185709856.000000
-225148613155282944.000000
-225148613124989856.000000
-225148613094829728.000000
-225148613064801664.000000
-225148613034904928.000000
-225148613005138592.000000
-225148612975501920.000000
-225148612945994112.000000
-225148612916614304.000000
-225148612887361728.000000
-225148612858235616.000000
-225148612829235168.000000
-225148612800359616.000000
-225148612771608128.000000
-225148612742980032.000000
-225148612714474496.000000
-225148612686090784.000000
-225148612657828192.000000
-225148612629685888.000000
-225148612601663232.000000
-225148612573759424.000000
-225148612545973760.000000
-225148612518305536.000000
-225148612490754016.000000
-225148612463318496.000000
-225148612435998272.000000
-225148612408792640.000000
-225148612381700928.000000
-225148612354722464.000000
-225148612327856480.000000
-225148612301102400.000000
-225148612274459488.000000
-225148612247927104.000000
-225148612221504576.000000
-225148612195191264.000000
-225148612168986464.000000
-225148612142889600.000000
-225148612116899968.000000
-225148612091016992.000000
-225148612065240000.000000
-225148612039568384.000000
-225148612014001472.000000
-225148611988538720.000000
-225148611963179456.000000
-225148611937923104.000000
